   9.4149736823258452E-003  -6.5557889282943135E-002   1.0000000000000000     
   4.9606104748508122E-002 -0.16111114454926750       0.99999981163836382     
  0.12190964518223084      -0.29911605642623373       0.99999882690686792     
  0.22633584702332871      -0.47956113206436507       0.99999593924422336     
  0.36287828821891194      -0.70242754144880903       0.99998955093973074     
  0.53152646906753165      -0.96768813159703915       0.99997757395979159     
  0.73226699727373523       -1.2753058486000073       0.99995743117116098     
  0.96508380971868168       -1.6252314471388587       0.99992605808266366     
   1.2299582324020923       -2.0174008091778610       0.99987990525055448     
   1.5268690014462678       -2.4517318583676504       0.99981494151844019     
   1.8557922723907907       -2.9281211458791092       0.99972665828752993     
   2.2167016254220586       -3.4464400878939649       0.99961007503633192     
   2.6095680690796854       -4.0065309122952204       0.99945974633017509     
   3.0343600434004800       -4.6082023107870596       0.99926977057945354     
   3.4910434228965341       -5.2512248404492228       0.99903380082047011     
   3.9795815195517177       -5.9353261156692652       0.99874505780337952     
   4.4999350859198231       -6.6601858223139550       0.99839634567705959     
   5.0520623183720375       -7.4254306174703215       0.99798007055953541     
   5.6359188605149457       -8.2306289675604294       0.99748826227418697     
   6.2514578067932618       -9.0752859934420815       0.99691259951485245     
   6.8986297062847388       -9.9588383970640741       0.99624443867649370     
   7.5773825666908481       -10.880649550483152       0.99547484655118890     
   8.2876618585265582       -11.840004833451381       0.99459463704143514     
   9.0294105195099146       -12.836107312156877       0.99359441198356058     
   9.8025689591532217       -13.868073851938483       0.99246460610359821     
   10.607075063554984       -14.934931759382854       0.99119553604682109     
   11.442864200393576       -16.035616046070153       0.98977745333126288     
   12.309869224122385       -17.168967401966771       0.98820060097670859     
   13.208020481366290       -18.333730959071556       0.98645527345612527     
   14.137245816518842       -19.528555914606777       0.98453187950926035     
   15.097470577540633       -20.751996070698375       0.98242100725160530     
   16.088617621957273       -22.002511330516565       0.98011349091014277     
   17.110607323057863       -23.278470173262185       0.97760047842445474     
   18.163357576292555       -24.578153110557427       0.97487349907209830     
   19.246783805869256       -25.899757106123111       0.97192453021512015     
   20.360798971548423       -27.241400919939338       0.96874606222352677     
   21.505313575636354       -28.601131318136048       0.96533116061498070     
   22.680235670175243       -29.976930071334817       0.96167352445970733     
   23.885470864330337       -31.366721647644393       0.95776754013698284     
   25.120922331973361       -32.768381493394109       0.95360832959411757     
   26.386490819461493       -34.179744784155680       0.94919179234933504     
   27.682074653611185       -35.598615522140548       0.94451464059327328     
   29.007569749866654       -37.022775853041807       0.93957442687651782     
   30.362869620661844       -38.449995476035994       0.93436956401738780     
   31.747865383975267       -39.878041024538284       0.92889933702005922     
   33.162445772077902       -41.304685302395782       0.92316390695191863     
   34.606497140471788       -42.727716269342885       0.91716430688544237     
   36.079903477020380       -44.144945681144655       0.91090243015806915     
   37.582546411268545       -45.554217302299115       0.90438101133911630     
   39.114305223952407       -46.953414622809596       0.89760360041145504     
   40.675056856697495       -48.340468024208938       0.89057453077495152     
   42.264675921905351       -49.713361353629971       0.88329888175609483     
   43.883034712826507       -51.070137877671655       0.87578243636378494     
   45.530003213820727       -52.408905599934023       0.86803163506423864     
   47.205449110801652       -53.727841937042690       0.86005352636037202     
   48.909237801867086       -55.025197757748778       0.85185571495373325     
   50.641232408112536       -56.299300798021193       0.84344630824318467     
   52.401293784627583       -57.548558472083286       0.83483386187616015     
   54.189280531674918       -58.771460105064534       0.82602732501855070     
   56.005049006049717       -59.966578617300222       0.81703598595094962     
   57.848453332619833       -61.132571693691389       0.80786941853474181     
   59.719345416045172       -62.268182473667288       0.79853743002394506     
   61.617574952675305       -63.372239798710055       0.78905001063002178     
   63.542989442624510       -64.443658054845841       0.77941728517907749     
   65.495434202023262       -65.481436647448774       0.76964946713533466     
   67.474752375445519       -66.484659144974572       0.75975681520293770     
   69.480784948509921       -67.452492127163211       0.74974959266080166     
   71.513370760654610       -68.384183771790418       0.73963802953303426     
   73.572346518084757       -69.279062212352528       0.72943228765069568     
   75.657546806891133       -70.136533697222532       0.71914242861965194     
   77.768804106339260       -70.956080578813086       0.70877838467370013     
   79.905948802327387       -71.737259159281919       0.69834993236205090     
   82.068809201013380       -72.479697417253945       0.68786666899527782     
   84.257211542607848       -73.183092638041472       0.67733799175352782     
   86.470980015333851       -73.847208967863878       0.66677307934489005     
   88.709936769551319       -74.471874910689294       0.65618087608977949     
   90.973901932044953       -75.056980784517322       0.64557007829858537     
   93.262693620474948       -75.602476152213839       0.63494912280426064     
   95.576127957989115       -76.108367240412974       0.62432617750860420     
   97.914019087995229       -76.574714358508317       0.61370913380012593     
   100.27617918909203       -77.001629328369006       0.60310560070256314     
   102.66241849015877       -77.389272934138845       0.59252290061559465     
   105.07254528560105       -77.737852400303069       0.58196806651317479     
   107.50636595075169       -78.047618905131799       0.57144784046961050     
   109.96368495742648       -78.318865135632848       0.56096867338899137     
   112.44430488963235       -78.551922889251856       0.55053672581957025     
   114.94802645942755       -78.747160726752966       0.54015786974102808     
   117.47464852293187       -78.904981679998940       0.52983769121913005     
   120.02396809648602       -79.025821017672286       0.51958149382890151     
   122.59578037295924       -79.110144071416187       0.50939430275407571     
   125.18987873820296       -79.158444124341159       0.49928086947713513     
   127.80605478764954       -79.171240363360582       0.48924567698062238     
   130.44409834305540       -79.149075896440266       0.47929294538658307     
   133.10379746938608       -79.092515835433105       0.46942663796696260     
   135.78493849184281       -79.002145444882885       0.45965046746341293     
   138.48730601302867       -78.878568356873814       0.44996790266038894     
   141.21068293025294       -78.722404851754291       0.44038217516045863     
   143.95485045297329       -78.534290204355287       0.43089628631556753     
   146.71958812037218       -78.314873095116624       0.42151301427245391     
   149.50467381906893       -78.064814085382636       0.41223492109460819     
   152.30988380096332       -77.784784155979935       0.40306435992703321     
   155.13499270121144       -77.475463308071198       0.39400348217368369     
   157.97977355633091       -77.137539225178870       0.38505424466079341     
   160.84399782243457       -76.771705995176291       0.37621841676234508     
   163.72743539359135       -76.378662890988195       0.36749758746677419     
   166.62985462031239       -75.959113208669905       0.35889317236659501     
   169.55102232816151       -75.513763161495561       0.35040642055496052     
   172.49070383648765       -75.043320828645292       0.34203842141537927     
   175.44866297727893       -74.548495157058980       0.33379011129272479     
   178.42466211413577       -74.029995014996018       0.32566228003548892     
   181.41846216136210       -73.488528295841022       0.31765557740083750     
   184.42982260317305       -72.924801070673794       0.30977051931547750     
   187.45850151301750       -72.339516788136748       0.30200749398666643     
   190.50425557301386       -71.733375520124937       0.29436676785888749     
   193.56684009349809       -71.107073251838685       0.28684849141275648     
   196.64600903268095       -70.461301214749312       0.27945270480369383     
   199.74151501641515       -69.796745261041565       0.27217934333872812     
   202.85310935806845       -69.114085278118012       0.26502824279056086     
   205.98054207850279       -68.413994641763736       0.25799914454868722     
   209.12356192615712       -67.697139706599287       0.25109170060793828     
   212.28191639723229       -66.964179332468319       0.24430547839537028     
   215.45535175597701       -66.215764445431205       0.23763996543682320     
   218.64361305507202       -65.452537632064875       0.23109457386491519     
   221.84644415611248       -64.675132765792071       0.22466864477055029     
   225.06358775018529       -63.884174663993250       0.21836145240031898     
   228.29478537854087       -63.080278774681950       0.21217220820242558     
   231.53977745335726       -62.264050891550944       0.20610006472397188     
   234.79830327859477       -61.436086896228701       0.20014411936262233     
   238.07010107093993       -60.596972526609932       0.19430341797580325     
   241.35490798083640       -59.747283170157466       0.18857695835070981     
   244.65246011360193       -58.887583681097077       0.18296369353848266     
   247.96249255062912       -58.018428220460457       0.17746253505599127     
   251.28473937066832       -57.140360117953101       0.17207235595869799     
   254.61893367119140       -56.253911754662099       0.16679199378810838     
   257.96480758983392       -55.359604465635520       0.16162025339733913     
   261.32209232591481       -54.457948461401188       0.15655590965831623     
   264.69051816203125       -53.549442767519174       0.15159771005412309     
   268.06981448572714       -52.634575181280347       0.14674437715997543     
   271.45970981123349       -51.713822244704907       0.14199461101629102     
   274.85993180127940       -50.787649233008295       0.13734709139726015     
   278.27020728897060       -49.856510157731584       0.13280047997828809     
   281.69026229973537       -48.920847783761310       0.12835342240562875     
   285.11982207333517       -47.981093659487264       0.12400455027146336     
   288.55861108593814       -47.037668159363783       0.11975248299762431     
   292.00635307225423       -46.090980538180247       0.11559582963108818     
   295.46277104772969       -45.141428996349653       0.11153319055430881     
   298.92758733079955       -44.189400755564733       0.10756315911337369     
   302.40052356519601       -43.235272144180833       0.10368432316691144     
   305.88130074231088       -42.279408691714643        9.9895266558588963E-002
   309.36963922361065       -41.322165231864673        9.6194570515976630E-002
   312.86525876310202       -40.363886013481974        9.2580814978473869E-002
   316.36787852984645       -39.404904818940864        8.9052579856922595E-002
   319.87721713052133       -38.445545089376942        8.5608446227451590E-002
   323.39299263202668       -37.486120056281948        8.2246997462029459E-002
   326.91492258413513       -36.526932878961098        7.8966820298123297E-002
   330.44272404218316       -35.568276787381052        7.5766505849791416E-002
   333.97611358980254       -34.610435229951008        7.2644650562464982E-002
   337.51480736168929       -33.653682025797906        6.9599857113604266E-002
   341.05852106640884       -32.698281521115831        6.6630735261340002E-002
   344.60697000923568       -31.744488749185578        6.3735902643151432E-002
   348.15986911502466       -30.792549593674742        6.0913985526555504E-002
   351.71693295111379       -29.842700954849583        5.8163619513725687E-002
   355.27787575025502       -28.895170918337019        5.5483450201884915E-002
   358.84241143357252       -27.950178926102716        5.2872133801264452E-002
   362.41025363354527       -27.007935949310383        5.0328337712351574E-002
   365.98111571701355       -26.068644662759898        4.7850741064096480E-002
   369.55471080820638       -25.132499620595468        4.5438035214684001E-002
   373.13075181178846       -24.199687433009352        4.3088924216425573E-002
   376.70895143592492       -23.270386943662576        4.0802125246271186E-002
   380.28902221536180       -22.344769407569089        3.8576369003383168E-002
   383.87067653452016       -21.422998669193991        3.6410400075170352E-002
   387.45362665060287       -20.505231340534095        3.4302977273125826E-002
   391.03758471671102       -19.591616978960474        3.2252873939764365E-002
   394.62226280496907       -18.682298264607471        3.0258878227911019E-002
   398.20737292965646       -17.777411177117656        2.8319793353543642E-002
   401.79262707034360       -16.877085171541982        2.6434437823353311E-002
   405.37773719503099       -15.981443353232304        2.4601645638139477E-002
   408.96241528328903       -15.090602651546828        2.2820266473119466E-002
   412.54637334939719       -14.204673992213703        2.1089165836191106E-002
   416.12932346547996       -13.323762468211543        1.9407225205148669E-002
   419.71097778463832       -12.447967509017385        1.7773342144817437E-002
   423.29104856407514       -11.577383048099815        1.6186430405034591E-002
   426.86924818821166       -10.712097688533710        1.4645420000372939E-002
   430.44528919179373       -9.8521948666270855        1.3149257272465525E-002
   434.01888428298662       -8.9977530134490067        1.1696904935765591E-002
   437.58974636645490       -8.1488457141675426        1.0287342107537598E-002
   441.15758856642753       -7.3055418651108814        8.9195643228490128E-003
   444.72212424974504       -6.4679058284633255        7.5925835353073566E-003
   448.28306704888627       -5.6359975845264225        6.3054281042505978E-003
   451.84013088497539       -4.8098728814786593        5.0571427690833072E-003
   455.39302999076443       -3.9895833825703826        3.8467886114166780E-003
   458.94147893359121       -3.1751768107001914        2.6734430056507964E-003
   462.48519263831088       -2.3666970903247497        1.5361995586121284E-003
   466.02388641019758       -1.5641844866610850        4.3416803883586982E-004
   469.55727595781696      -0.76767574214287604       -6.3352570393731210E-004
   473.08507741586493        2.2795789899793754E-002  -1.6677398285029014E-003
   476.60700736797332       0.80720001436341848       -2.6693166006493876E-003
   480.12278286947878        1.5855099663175780       -3.6390824998175277E-003
   483.63212147015366        2.3577016857902695       -4.5778483334794453E-003
   487.13474123689804        3.1237540954041982       -5.4864093587666304E-003
   490.63036077638947        3.8836488808744258       -6.3655454108928105E-003
   494.11869925768917        4.6373703743619084       -7.2160210379408167E-003
   497.59947643480405        5.3849054406935704       -8.0385856415920946E-003
   501.07241266920050        6.1262433664335321       -8.8339736233987824E-003
   504.53722895227037        6.8613757518035445       -9.6029045362097717E-003
   507.99364692774583        7.5902964054402711       -1.0346083240380621E-002
   511.44138891406192        8.3130012419706265       -1.1064200064406726E-002
   514.88017792666483        9.0294881823926545       -1.1757930969639993E-002
   518.30973770026469        9.7397570572359644       -1.2427937718752969E-002
   521.72979271102952        10.443809512484153       -1.3074868047638190E-002
   525.14006819872066        11.141648918225840       -1.3699355840434208E-002
   528.54029018876656        11.833280280014375       -1.4302021307385874E-002
   531.93018551427292        12.518710152895649       -1.4883471165258453E-002
   535.30948183796886        13.197946558083594       -1.5444298820033632E-002
   538.67790767408530        13.870998902236352       -1.5985084551630124E-002
   542.03519241016613        14.537877899308716       -1.6506395700398656E-002
   545.38106632880874        15.198595494931606       -1.7008786855154334E-002
   548.71526062933174        15.853164793289318       -1.7492800042515994E-002
   552.03750744937099        16.501599986448561       -1.7958964917335694E-002
   555.34753988639818        17.143916286097269       -1.8407798954007095E-002
   558.64509201916360        17.780129857653488       -1.8839807638453741E-002
   561.92989892906019        18.410257756698201       -1.9255484660603471E-002
   565.20169672140526        19.034317867687946       -1.9655312107167009E-002
   568.46022254664285        19.652328844902879       -2.0039760654545557E-002
   571.70521462145928        20.264310055581486       -2.0409289761699104E-002
   574.93641224981479        20.870281525199996       -2.0764347862816383E-002
   578.15355584388760        21.470263884845902       -2.1105372559635842E-002
   581.35638694492809        22.064278320638813       -2.1432790813270309E-002
   584.54464824402316        22.652346525153728       -2.1747019135399757E-002
   587.71808360276782        23.234490650795106       -2.2048463778700234E-002
   590.87643807384291        23.810733265078888       -2.2337520926384989E-002
   594.01945792149729        24.381097307769661       -2.2614576880740211E-002
   597.14689064193158        24.945606049829316       -2.2880008250542715E-002
   600.25848498358494        25.504283054129502       -2.3134182137255647E-002
   603.35399096731919        26.057152137876855       -2.3377456319900458E-002
   606.43315990650206        26.604237336707946       -2.3610179438513668E-002
   609.49574442698622        27.145562870408057       -2.3832691176096796E-002
   612.54149848698262        27.681153110201681       -2.4045322438979125E-002
   615.57017739682703        28.211032547577492       -2.4248395535512824E-002
   618.58153783863793        28.735225764592368       -2.4442224353029576E-002
   621.57533788586431        29.253757405620799       -2.4627114532989196E-002
   624.55133702272110        29.766652150494959       -2.4803363644255814E-002
   627.50929616351243        30.273934689000157       -2.4971261354445887E-002
   630.44897767183852        30.775629696675594       -2.5131089599288815E-002
   633.37014537968764        31.271761811885813       -2.5283122749955454E-002
   636.27256460640876        31.762355614109541       -2.5427627778301605E-002
   639.15600217756548        32.247435603421152       -2.5564864419990591E-002
   642.02022644366912        32.727026181109196       -2.5695085335452027E-002
   644.86500729878867        33.201151631398069       -2.5818536268644342E-002
   647.69011619903688        33.669836104239721       -2.5935456203588322E-002
   650.49532618093122        34.133103599128745       -2.6046077518644729E-002
   653.28041187962788        34.590977949905373       -2.6150626138511726E-002
   656.04514954702677        35.043482810518626       -2.6249321683919472E-002
   658.78931706974709        35.490641641695511       -2.6342377619005104E-002
   661.51269398697139        35.932477698508123       -2.6430001396351436E-002
   664.21506150815731        36.369014018774706       -2.6512394599677382E-002
   666.89620253061400        36.800273412285428       -2.6589753084170751E-002
   669.55590165694468        37.226278450810661       -2.6662267114454654E-002
   672.19394521235051        37.647051458853689       -2.6730121500184140E-002
   674.81012126179712        38.062614505135151       -2.6793495729269701E-002
   677.40421962704079        38.472989394759509       -2.6852564098728000E-002
   679.97603190351401        38.878197662044947       -2.6907495843160361E-002
   682.52535147706817        39.278260563991509       -2.6958455260865766E-002
   685.05197354057248        39.673199074349569       -2.7005601837590740E-002
   687.55569511036776        40.063033878266104       -2.7049090367926489E-002
   690.03631504257362        40.447785367492600       -2.7089071074362463E-002
   692.49363404924839        40.827473636108039       -2.7125689724005177E-002
   694.92745471439900        41.202118476757086       -2.7159087742978743E-002
   697.33758150984124        41.571739377358675       -2.7189402328518148E-002
   699.72382081090802        41.936355518276443       -2.7216766558772320E-002
   702.08598091200486        42.295985769918303       -2.7241309500333728E-002
   704.42387204201100        42.650648690755233       -2.7263156313512428E-002
   706.73730637952508        43.000362525722828       -2.7282428355373887E-002
   709.02609806795510        43.345145205000541       -2.7299243280560544E-002
   711.29006323044871        43.685014343141198       -2.7313715139919783E-002
   713.52901998466621        44.019987238530987       -2.7325954476958406E-002
   715.74278845739229        44.350080873165545       -2.7336068422148523E-002
   717.93119079898679        44.675311912724155       -2.7344160785107641E-002
   720.09405119767268        44.995696706919063       -2.7350332144678621E-002
   722.23119589366081        45.311251290110384       -2.7354679936933010E-002
   724.34245319310889        45.621991382172808       -2.7357298541125199E-002
   726.42765348191529        45.927932389586609       -2.7358279363623103E-002
   728.48662923934546        46.229089406749161       -2.7357710919841939E-002
   730.51921505149016        46.525477217490611       -2.7355678914208384E-002
   732.52524762455459        46.817110296777656       -2.7352266318183181E-002
   734.50456579797685        47.104002812593357       -2.7347553446369695E-002
   736.45701055737561        47.386168627979252       -2.7341618030735669E-002
   738.38242504732477        47.663621303231366       -2.7334535292978905E-002
   740.28065458395486        47.936374098232406       -2.7326378015062276E-002
   742.15154666738022        48.204439974914294       -2.7317216607949078E-002
   743.99495099395040        48.467831599836643       -2.7307119178566597E-002
   745.81071946832515        48.726561346871421       -2.7296151595026075E-002
   747.59870621537254        48.980641299987646       -2.7284377550128743E-002
   749.35876759188750        49.230083256120373       -2.7271858623185530E-002
   751.09076219813301        49.474898728113317       -2.7258654340180703E-002
   752.79455088919838        49.715098947740771       -2.7244822232305475E-002
   754.46999678617942        49.950694868782641       -2.7230417892892378E-002
   756.11696528717357        50.181697170151743       -2.7215495032777096E-002
   757.73532407809478        50.408116259069601       -2.7200105534115990E-002
   759.32494314330256        50.629962274274241       -2.7184299502687758E-002
   760.88569477604767        50.847245089263005       -2.7168125318705424E-002
   762.41745358873163        51.059974315554271       -2.7151629686167009E-002
   763.92009652297975        51.268159305968723       -2.7134857680771503E-002
   765.39350285952833        51.471809157917377       -2.7117852796426690E-002
   766.83755422792217        51.670932716696683       -2.7100656990374394E-002
   768.25213461602482        51.865538578780829       -2.7083310726960158E-002
   769.63713037933826        52.055635095107171       -2.7065853020072469E-002
   770.99243025013345        52.241230374347325       -2.7048321474276337E-002
   772.31792534638896        52.422332286164711       -2.7030752324665803E-002
   773.61350918053859        52.598948464446806       -2.7013180475460107E-002
   774.87907766802675        52.771086310511883       -2.6995639537367937E-002
   776.11452913566973        52.938752996284840       -2.6978161863741100E-002
   777.31976432982492        53.101955467437030       -2.6960778585542744E-002
   778.49468642436375        53.260700446486901       -2.6943519645151293E-002
   779.63920102845157        53.414994435859327       -2.6926413829022135E-002
   780.75321619413080        53.564843720894402       -2.6909488799229490E-002
   781.83664242370753        53.710254372813566       -2.6892771123907758E-002
   782.88939267694218        53.851232251624424       -2.6876286306614341E-002
   783.91138237804284        53.987783008972990       -2.6860058814632642E-002
   784.90252942245945        54.119912090939501       -2.6844112106235909E-002
   785.86275418348134        54.247624740765758       -2.6828468656929234E-002
   786.79197951863375        54.370926001524268       -2.6813149984689290E-002
   787.69013077587772        54.489820718714839       -2.6798176674219056E-002
   788.55713579960650        54.604313542796056       -2.6783568400234901E-002
   789.39292493644507        54.714408931643611       -2.6769343949802266E-002
   790.19743104084694        54.820111152932810       -2.6755521243736514E-002
   790.97058948049028        54.921424286448620       -2.6742117357085107E-002
   791.71233814147365        55.018352226314114       -2.6729148538704131E-002
   792.42261743330926        55.110898683144114       -2.6716630229946189E-002
   793.10137029371538        55.199067186112956       -2.6704577082471155E-002
   793.74854219320673        55.282861084943470       -2.6693002975194578E-002
   794.36408113948517        55.362283551811046       -2.6681921030386632E-002
   794.94793768162799        55.437337583161494       -2.6671343628931986E-002
   795.50006491408021        55.508026001444506       -2.6661282424764295E-002
   796.02041848044826        55.574351456757213       -2.6651748358484707E-002
   796.50895657710350        55.636316428407710       -2.6642751670176160E-002
   796.96563995659960        55.693923226386886       -2.6634301911421316E-002
   797.39043193092039        55.747173992756807       -2.6626407956535574E-002
   797.78329837457795        55.796070702964109       -2.6619078013020950E-002
   798.14420772760934        55.840615167084025       -2.6612319631250502E-002
   798.47313099855387        55.880809031018252       -2.6606139713387138E-002
   798.77004176759806        55.916653777707623       -2.6600544521541675E-002
   799.03491619028148        55.948150728474147       -2.6595539685169003E-002
   799.26773300272635        55.975301044855975       -2.6591130207689113E-002
   799.46847353093244        55.998105731948186       -2.6587320472289930E-002
   799.63712171178122        56.016565646939220       -2.6584114246771439E-002
   799.77366415297672        56.030681529449566       -2.6581514686914925E-002
   799.87809035481780        56.040454161984904       -2.6579524336034284E-002
   799.95039389525164        56.045886072532262       -2.6578145105412496E-002
