  0.17892076659923883       -1.3136398640995270        1.0000000000000000     
  0.94253085025256300       -3.2258672014278647       0.99992403526826634     
   2.3155407917967903       -5.9786786189121175       0.99952750646580446     
   4.2969143515978736       -9.5529741781970063       0.99836894626317685     
   6.8847529731301291       -13.910524634074399       0.99582485419524847     
   10.076537058714329       -18.985757227000082       0.99111841113893850     
   13.869150945676106       -24.679277897869067       0.98337387877172178     
   18.258890147683566       -30.855800326033904       0.97170159874101947     
   23.241466090115264       -37.348370011137824       0.95530820758956336     
   28.812010671567677       -43.968780129134927       0.93361282244202060     
   34.965081164839994       -50.521843416343820       0.90634024740017050     
   41.694665598075289       -56.820057386752190       0.87356498575002317     
   48.994188659166269       -62.695684713230079       0.83569582147208799     
   56.856518135918968       -68.008727911029311       0.79341087863352888     
   65.273971893295652       -72.650718390942487       0.74756597485993526     
   74.238325384363463       -76.545107129714282       0.69910019169491577     
   83.740819689272115       -79.645318190956033       0.64895539884025610     
   93.772170075255389       -81.931435326981472       0.59801722021571202     
   104.32257506974943       -83.406260003192088       0.54707780155968855     
   115.38172603801488       -84.091239535949384       0.49681687484243303     
   126.93881725605345       -84.022570446282273       0.44779635954296282     
   138.98255646906532       -83.247644084935430       0.40046399124988347     
   151.50117592518299       -81.821910651261973       0.35516234427961690     
   164.48244387373705       -79.806181393160927       0.31214060065856392     
   177.91367651683973       -77.264355917229722       0.27156727765355898     
   191.78175040262377       -74.261543826072852       0.23354278922560909     
   206.07311524803688       -70.862541596963155       0.19811119054520090     
   220.77380717866916       -67.130622962104468       0.16527077451010708     
   235.86946237268265       -63.126601656781204       0.13498339464472478     
   251.34533109551325       -58.908127784943417       0.10718251400126708     
   267.18629211163676       -54.529182309664947        8.1780051024367723E-002
   283.37686745931614       -50.039737770351373        5.8672129737733579E-002
   299.90123757389813       -45.485556947231629        3.7743856150409663E-002
   316.74325674488063       -40.908104662575248        1.8873244209365213E-002
   333.88646889165119       -36.344551136929049        1.9344086381735477E-003
   351.31412364248030       -31.827848267254652       -1.3199867789663295E-002
   369.00919270106152       -27.386862851359030       -2.6656096362729118E-002
   386.95438648460623       -23.046553155151088       -3.8558489370255071E-002
   405.13217101723637       -18.828177321009608       -4.9027738434812652E-002
   423.52478506216926       -14.749523965984050       -5.8180101052406584E-002
   442.11425747595501       -10.825156938813070       -6.6126741353568858E-002
   460.88242476781028       -7.0666676157543842       -7.2973279220489878E-002
   479.81094884689128       -3.4829293375528114       -7.8819508978090924E-002
   498.88133494016500       -8.0349642782655328E-002  -8.3759254999969460E-002
   518.07494966337288        3.1368831456025643       -8.7880336828795050E-002
   537.37303922742876        6.1665616565362269       -9.1264620904366392E-002
   556.75674776246171        9.0082315576115644       -9.3988139817286750E-002
   576.20713574160209        11.662975476053809       -9.6121263251110436E-002
   595.70519848650520        14.133209784415596       -9.7728907521243510E-002
   615.23188473653556        16.422494906869375       -9.8870772936073992E-002
   634.76811526346444        18.535359494408159       -9.9601600157156842E-002
   654.29480151349480        20.477138566610563       -9.9971438374967775E-002
   673.79286425839791        22.253825514596656      -0.10002591949154518     
   693.24325223753817        23.871937696580140       -9.9806533651459334E-002
   712.62696077257124        25.338395226925389       -9.9350902422422449E-002
   731.92505033662701        26.660412456372931       -9.8693046725930766E-002
   751.11866505983494        27.845401560352471       -9.7863647281724253E-002
   770.18905115310872        28.900887590442625       -9.6890295878944557E-002
   789.11757523218967        29.834434298315948       -9.5797736239852299E-002
   807.88574252404487        30.653580009728223       -9.4608093614280311E-002
   826.47521493783063        31.365782806751149       -9.3341092547698831E-002
   844.86782898276363        31.978374268074894       -9.2014262513941139E-002
   863.04561351539371        32.498521018995099       -9.0643131304570010E-002
   880.99080729893853        32.933193353337685       -8.9241406228433198E-002
   898.68587635751965        33.289140208413997       -8.7821143303726673E-002
   916.11353110834887        33.572869799788457       -8.6392904726352596E-002
   933.25674325511920        33.790635254432729       -8.4965904977155476E-002
   950.09876242610187        33.948424617290712       -8.3548145990533298E-002
   966.62313254068386        34.051954646502175       -8.2146541851166988E-002
   982.81370788836307        34.106667855310739       -8.0767033516809625E-002
   998.65466890448681        34.117732302905175       -7.9414694085445853E-002
   1014.1305376273174        34.090043681119077       -7.8093825136487605E-002
   1029.2261928213309        34.028229288382448       -7.6808044679552601E-002
   1043.9268847519629        33.936653525425299       -7.5560367242053728E-002
   1058.2182495973761        33.819424588759375       -7.4353276619398251E-002
   1072.0863234831602        33.680402077192433       -7.3188791799985081E-002
   1085.5175561262629        33.523205263227233       -7.2068526562164462E-002
   1098.4988240748169        33.351221815147419       -7.0993743222596398E-002
   1111.0174435309345        33.167616786344666       -6.9965400995588595E-002
   1123.0611827439463        32.975341716508829       -6.8984199401527307E-002
   1134.6182739619851        32.777143714210382       -6.8050617139895686E-002
   1145.6774249302505        32.575574412614330       -6.7164946818992932E-002
   1156.2278299247444        32.372998709510398       -6.6327325910667562E-002
   1166.2591803107277        32.171603219768464       -6.5537764274455040E-002
   1175.7616746156364        31.973404383031273       -6.4796168571714913E-002
   1184.7260281067042        31.780256181796876       -6.4102363866918963E-002
   1193.1434818640810        31.593857435696961       -6.3456112690303906E-002
   1201.0058113408336        31.415758646533853       -6.2857131813825712E-002
   1208.3053344019247        31.247368375935949       -6.2305106970839318E-002
   1215.0349188351599        31.089959143336173       -6.1799705729234634E-002
   1221.1879893284322        30.944672836695482       -6.1340588707946092E-002
   1226.7585339098846        30.812525631954269       -6.0927419307769966E-002
   1231.7411098523164        30.694412419652320       -6.0559872109217198E-002
   1236.1308490543238        30.591110738397116       -6.0237640072336278E-002
   1239.9234629412856        30.503284213433162       -5.9960440655142638E-002
   1243.1152470268696        30.431485488922295       -5.9728020944973724E-002
   1245.7030856484021        30.376158591726206       -5.9540161855689694E-002
   1247.6844592082032        30.337640300873016       -5.9396681298605890E-002
   1249.0574691497472        30.316154929739195       -5.9297435291318402E-002
