   302.00000000000000        4.6408494810051062     
   304.00000000000000        4.7997563020927947     
   306.00000000000000        4.9615709290605698     
   308.00000000000000        5.1263135309356835     
   310.00000000000000        5.2940042461744010     
   312.00000000000000        5.4646631812920381     
   314.00000000000000        5.6383104096368148     
   316.00000000000000        5.8149659702934704     
   318.00000000000000        5.9946498671041519     
   320.00000000000000        6.1773820677949924     
   322.00000000000000        6.3631825031986562     
   324.00000000000000        6.5520710665636566     
   326.00000000000000        6.7440676129423922     
   328.00000000000000        6.9391919586506647     
   330.00000000000000        7.1374638807922173     
   332.00000000000000        7.3389031168421965     
   334.00000000000000        7.5435293642846286     
   336.00000000000000        7.7513622802986468     
   338.00000000000000        7.9624214814896259     
   340.00000000000000        8.1767265436607826     
   342.00000000000000        8.3942970016221778     
   344.00000000000000        8.6151523490336501     
   346.00000000000000        8.8393120382786243     
   348.00000000000000        9.0667954803664195     
   350.00000000000000        9.2976220448604305     
   352.00000000000000        9.5318110598299715     
   354.00000000000000        9.7693818118238713     
   356.00000000000000        10.010353545863769     
   358.00000000000000        10.254745465455645     
   360.00000000000000        10.502576732617849     
   362.00000000000000        10.753866467924389     
   364.00000000000000        11.008633750561959     
   366.00000000000000        11.266897618399682     
   368.00000000000000        11.528677068070404     
   370.00000000000000        11.793991055062760     
   372.00000000000000        12.062858493822507     
   374.00000000000000        12.335298257863137     
   376.00000000000000        12.611329179884189     
   378.00000000000000        12.890970051897174     
   380.00000000000000        13.174239625358252     
   382.00000000000000        13.461156611306858     
   384.00000000000000        13.751739680510324     
   386.00000000000000        14.046007463613469     
   388.00000000000000        14.343978551293000     
   390.00000000000000        14.645671494416446     
   392.00000000000000        14.951104804204959     
   394.00000000000000        15.260296952400020     
   396.00000000000006        15.573266371433233     
   398.00000000000006        15.890031454599656     
   400.00000000000006        16.210610556233330     
   402.00000000000006        16.535021991885852     
   404.00000000000006        16.863284038506155     
   406.00000000000006        17.195414934622718     
   408.00000000000006        17.531432880526403     
   410.00000000000006        17.871356038453989     
   412.00000000000006        18.215202532772274     
   414.00000000000006        18.562990450161582     
   416.00000000000006        18.914737839799312     
   418.00000000000006        19.270462713542688     
   420.00000000000006        19.630183046111775     
   422.00000000000006        19.993916775272712     
   424.00000000000006        20.361681802022499     
   426.00000000000000        20.733495976477961     
   428.00000000000000        21.109377169140600     
   430.00000000000000        21.489343159748781     
   432.00000000000000        21.873411630837452     
   434.00000000000000        22.261600461614194     
   436.00000000000000        22.653927082009684     
   438.00000000000000        23.050409370383278     
   440.00000000000000        23.451064861801417     
   442.00000000000000        23.855911127715366     
   444.00000000000000        24.264965675896846     
   446.00000000000000        24.678246178909518     
   448.00000000000000        25.095769926046774     
   450.00000000000000        25.517554423027168     
   452.00000000000000        25.943617074421692     
   454.00000000000000        26.373975253780088     
   456.00000000000000        26.808646298094303     
   458.00000000000000        27.247647511760206     
   460.00000000000000        27.690996165655736     
   462.00000000000000        28.138709497350952     
   464.00000000000000        28.590804824160450     
   466.00000000000000        29.047299034904793     
   468.00000000000000        29.508209466540201     
   470.00000000000000        29.973553211240159     
   472.00000000000000        30.443347335548825     
   474.00000000000000        30.917608877292516     
   476.00000000000000        31.396354844034217     
   478.00000000000000        31.879602212347905     
   480.00000000000000        32.367367927525883     
   482.00000000000000        32.859668903510730     
   484.00000000000000        33.356522022942841     
   486.00000000000000        33.857944137266280     
   488.00000000000000        34.363952066863121     
   490.00000000000000        34.874562601201845     
   492.00000000000000        35.389792498991646     
   494.00000000000000        35.909658607919312     
   496.00000000000000        36.434177330869247     
   498.00000000000000        36.963365535516786     
   500.00000000000000        37.497239848126426     
   502.00000000000000        38.035816869623893     
   504.00000000000000        38.579113173860272     
   506.00000000000000        39.127145306616292     
   508.00000000000000        39.679929785067550     
   510.00000000000000        40.237483097531992     
   512.00000000000000        40.799821703388858     
   514.00000000000000        41.366962033096307     
   516.00000000000000        41.938920488268138     
   518.00000000000000        42.515713441782339     
   520.00000000000011        43.097357237907502     
   522.00000000000000        43.683868012686752     
   524.00000000000011        44.275262514247196     
   526.00000000000000        44.871556666771056     
   528.00000000000011        45.472766728768931     
   530.00000000000000        46.078908918044597     
   532.00000000000011        46.689999417304691     
   534.00000000000000        47.306054377683189     
   536.00000000000000        47.927089920866415     
   538.00000000000000        48.553122140313924     
   540.00000000000000        49.184167127028651     
   542.00000000000000        49.820240844588533     
   544.00000000000000        50.461359294682232     
   546.00000000000000        51.107538688164112     
   548.00000000000000        51.758794654605460     
   550.00000000000000        52.415143456190705     
   552.00000000000000        53.076600744391470     
   554.00000000000000        53.743182483859968     
   556.00000000000000        54.414904526914029     
   558.00000000000000        55.091782699279413     
   560.00000000000000        55.773832799770013     
   562.00000000000000        56.461070599763197     
   564.00000000000000        57.153511842437545     
   566.00000000000000        57.851172241743946     
   568.00000000000000        58.554067481089248     
   570.00000000000000        59.262213211715881     
   572.00000000000000        59.975625612212959     
   574.00000000000000        60.694319507111729     
   576.00000000000000        61.418310820609605     
   578.00000000000000        62.147615125559284     
   580.00000000000000        62.882247970087320     
   582.00000000000000        63.622224877708042     
   584.00000000000000        64.367561347436805     
   586.00000000000000        65.118272853900649     
   588.00000000000000        65.874374847447868     
   590.00000000000000        66.635882754255135     
   592.00000000000000        67.402811976432119     
   594.00000000000000        68.175177892123784     
   596.00000000000000        68.952995855609402     
   598.00000000000000        69.736281197397801     
   600.00000000000000        70.525049224319972     
   602.00000000000000        71.319315219615632     
   604.00000000000000        72.119094443016905     
   606.00000000000000        72.924402130825342     
   608.00000000000000        73.735253495984338     
   610.00000000000000        74.551663728144447     
   612.00000000000000        75.373647993723139     
   614.00000000000000        76.201221435956498     
   616.00000000000000        77.034399174943715     
   618.00000000000000        77.873196307683017     
   620.00000000000000        78.717627908100440     
   622.00000000000000        79.567709027067252     
   624.00000000000000        80.423455164185498     
   626.00000000000000        81.284880517166059     
   628.00000000000000        82.152000436740423     
   630.00000000000000        83.024829888486650     
   632.00000000000000        83.903383816012266     
   634.00000000000000        84.787677141050366     
   636.00000000000000        85.677724763554721     
   638.00000000000000        86.573541561794343     
   640.00000000000000        87.475142392447580     
   642.00000000000000        88.382542090695281     
   644.00000000000000        89.295755470313352     
   646.00000000000000        90.214797323764572     
   648.00000000000000        91.139682422290392     
   650.00000000000011        92.070425516001052     
   652.00000000000000        93.007041334396348     
   654.00000000000000        93.949544584789805     
   656.00000000000000        94.897949954874250     
   658.00000000000000        95.852272526482096     
   660.00000000000000        96.812525870520901     
   662.00000000000000        97.778725413216222     
   664.00000000000000        98.750885678713558     
   666.00000000000000        99.729021215485872     
   668.00000000000000        100.71314657238149     
   670.00000000000000        101.70327628693342     
   672.00000000000000        102.69942488020212     
   674.00000000000000        103.70160685464562     
   676.00000000000000        104.70983669330066     
   678.00000000000000        105.72412885950719     
   680.00000000000000        106.74449779684954     
   682.00000000000000        107.77095736553193     
   684.00000000000000        108.80352336600855     
   686.00000000000000        109.84220922289258     
   688.00000000000000        110.88702936111493     
   690.00000000000000        111.93799815826661     
   692.00000000000000        112.99512995757642     
   694.00000000000000        114.05843907497409     
   696.00000000000000        115.12793980293004     
   698.00000000000000        116.20364641254169     
   700.00000000000000        117.28557315467928     
   702.00000000000000        118.37373426062479     
   704.00000000000000        119.46814394244427     
   706.00000000000000        120.56881639321686     
   708.00000000000000        121.67576578718854     
   710.00000000000000        122.78900627988770     
   712.00000000000000        123.90855200822034     
   714.00000000000000        125.03441709055244     
   716.00000000000000        126.16661625549636     
   718.00000000000000        127.30516208757540     
   720.00000000000000        128.45006960804099     
   722.00000000000000        129.60135282881228     
   724.00000000000000        130.75902575559192     
   726.00000000000000        131.92310238369021     
   728.00000000000000        133.09359669533004     
   730.00000000000000        134.27052265792497     
   732.00000000000000        135.45389422299536     
   734.00000000000000        136.64372532549720     
   736.00000000000000        137.84002988341982     
   738.00000000000000        139.04282179755572     
   740.00000000000000        140.25211495138197     
   742.00000000000000        141.46792321100884     
   744.00000000000000        142.69026042517456     
   746.00000000000000        143.91914042526659     
   748.00000000000000        145.15457702536091     
   750.00000000000000        146.39658402226905     
   752.00000000000000        147.64517519559524     
   754.00000000000000        148.90036430779392     
   756.00000000000000        150.16216510423016     
   758.00000000000000        151.43059204853884     
   760.00000000000000        152.70565712560224     
   762.00000000000000        153.98737510684762     
   764.00000000000000        155.27575964228907     
   766.00000000000000        156.57082437368354     
   768.00000000000000        157.87258293207952     
   770.00000000000000        159.18104893607133     
   772.00000000000000        160.49623599057000     
   774.00000000000000        161.81815768595322     
   776.00000000000000        163.14682759748564     
   778.00000000000000        164.48225928493309     
   780.00000000000000        165.82446629231649     
   782.00000000000000        167.17346214776279     
   784.00000000000000        168.52926036342157     
   786.00000000000000        169.89187443543210     
   788.00000000000000        171.26131784391811     
   790.00000000000000        172.63760405300843     
   791.99999999999989        174.02074651086519     
   794.00000000000000        175.41075864972890     
   796.00000000000011        176.80765388596407     
   798.00000000000000        178.21144461483036     
   799.99999999999989        179.62214666086666     
   802.00000000000000        181.03977178733930     
   804.00000000000011        182.46433341075354     
   806.00000000000000        183.89584491085267     
   807.99999999999989        185.33431963699027     
   810.00000000000000        186.77977091286220     
   812.00000000000011        188.23221203995871     
   814.00000000000000        189.69165630002982     
   815.99999999999989        191.15811695680048     
   818.00000000000000        192.63160725713317     
   820.00000000000011        194.11214043179049     
   822.00000000000000        195.59972969591371     
   823.99999999999989        197.09438840236530     
   826.00000000000000        198.59612928827332     
   828.00000000000011        200.10496140442652     
   830.00000000000000        201.62091141670737     
   832.00000000000011        203.14397882168157     
   834.00000000000000        204.67418123770065     
   836.00000000000011        206.21153156166662     
   838.00000000000000        207.75604384670106     
   840.00000000000011        209.30773010585730     
   842.00000000000000        210.86660377930428     
   844.00000000000011        212.43267791801006     
   846.00000000000000        214.00596555805890     
   847.99999999999989        215.58647972048377     
   850.00000000000000        217.17423341100596     
   852.00000000000000        218.76923961966980     
   854.00000000000000        220.37151132035726     
   856.00000000000000        221.98106147016975     
   858.00000000000000        223.59790300866021     
   860.00000000000000        225.22204885691397     
   862.00000000000000        226.85351191645734     
   864.00000000000000        228.49230506799992     
   866.00000000000000        230.13844116999314     
   868.00000000000000        231.79193305701153     
   870.00000000000000        233.45279612171481     
   872.00000000000000        235.12103909049529     
   874.00000000000000        236.79667657215765     
   876.00000000000000        238.47972139054036     
   878.00000000000000        240.17018635565924     
   880.00000000000000        241.86808426375183     
   882.00000000000000        243.57342789732130     
   884.00000000000000        245.28623002517674     
   886.00000000000000        247.00650340247765     
   888.00000000000000        248.73426077077116     
   890.00000000000000        250.46951485803521     
   892.00000000000000        252.21227837871476     
   894.00000000000000        253.96256403376088     
   896.00000000000000        255.72038451066518     
   897.99999999999989        257.48575248349567     
   900.00000000000000        259.25868061292937     
   901.99999999999989        261.03918154627934     
   904.00000000000000        262.82726791753049     
   905.99999999999989        264.62295234735853     
   908.00000000000000        266.42624744315742     
   909.99999999999989        268.23716579905755     
   912.00000000000000        270.05571999594684     
   913.99999999999989        271.88192260147980     
   916.00000000000000        273.71578617009351     
   917.99999999999989        275.55732324300834     
   920.00000000000000        277.40654634823471     
   921.99999999999989        279.26346800056899     
   924.00000000000000        281.12810070158469     
   925.99999999999989        283.00045693962511     
   928.00000000000000        284.88054918977900     
   929.99999999999989        286.76838991386256     
   932.00000000000000        288.66399156038938     
   934.00000000000011        290.56736656453086     
   936.00000000000000        292.47852734807810     
   937.99999999999989        294.39748631939273     
   940.00000000000000        296.32425788769723     
   942.00000000000011        298.25885082355461     
   944.00000000000000        300.20127916609465     
   945.99999999999989        302.15155528069596     
   948.00000000000000        304.10969152035545     
   950.00000000000011        306.07570022572480     
   952.00000000000000        308.04959372514861     
   953.99999999999989        310.03138433470178     
   956.00000000000000        312.02108435822407     
   958.00000000000011        314.01870608735908     
   960.00000000000000        316.02426180159006     
   961.99999999999989        318.03776376827489     
   964.00000000000000        320.05922424268368     
   966.00000000000011        322.08865546803395     
   968.00000000000000        324.12606967552421     
   969.99999999999989        326.17147908437551     
   972.00000000000000        328.22489590185779     
   974.00000000000011        330.28633232333402     
   976.00000000000000        332.35580053228631     
   977.99999999999989        334.43331270035833     
   980.00000000000000        336.51888098738618     
   982.00000000000011        338.61251754143007     
   984.00000000000000        340.71423449881343     
   985.99999999999989        342.82404398415412     
   988.00000000000000        344.94195811039856     
   990.00000000000011        347.06798897885545     
   992.00000000000000        349.20214867922567     
   993.99999999999989        351.34444928964092     
   996.00000000000000        353.49490287669374     
   998.00000000000011        355.65352149546874     
   1000.0000000000000        357.82031718957660     
